1.109731584401939253e-03
7.721163773084616794e-03
7.612232603538370349e-03
7.378050120694715219e-03
6.793359571512165400e-03
2.462008928186875788e-03
2.301102111991583290e-03
2.285761132733424815e-03
2.098758600558950707e-03
2.069213509040653681e-03
2.018691720310595867e-03
1.972957435789141761e-03
1.875892359778429368e-03
1.827640717990597699e-03
1.809119981372944589e-03
1.795291583864050064e-03
1.781955345769492246e-03
1.771306376461656389e-03
1.762433528622998555e-03
1.754444130322332322e-03
1.725433292119017302e-03
1.700359421318916415e-03
1.685644641669234705e-03
1.680570593491024925e-03
1.667558794705426657e-03
1.624038787381533412e-03
1.596386339592595132e-03
1.585482823727042342e-03
1.579534957308511168e-03
1.570965011745023262e-03
1.563345868060876925e-03
1.553093909278454362e-03
1.543603030957373546e-03
1.533002128562646962e-03
1.528564961901320149e-03
1.515690052918110091e-03
1.511612983661870125e-03
1.507906238608747607e-03
1.490282606283762018e-03
1.488382990745283673e-03
1.478823026462448755e-03
1.474058291861363298e-03
1.465563371925485440e-03
1.464300959699451395e-03
1.456834813609521502e-03
1.453271742827873985e-03
1.446642585955497167e-03
1.434184904615433799e-03
1.430167679677514124e-03
1.426088211205677131e-03
1.420584600025719992e-03
1.418716331653783851e-03
1.412702670805795297e-03
1.402593266424675229e-03
1.399540079970173394e-03
1.397102173579370605e-03
1.393815429553601961e-03
1.388859694873438187e-03
1.386933342685453064e-03
1.382878834735789750e-03
1.376494336984550966e-03
1.363447625388172074e-03
1.359908964248768672e-03
1.357897131482095230e-03
1.353370507539169119e-03
1.349823201327661135e-03
1.345826466272427623e-03
1.336522384926372821e-03
1.327860723346670690e-03
1.323892159702073522e-03
1.318693548006541743e-03
1.317454313388278673e-03
1.315164629894771935e-03
1.307970200925580523e-03
1.303232379788376617e-03
1.302934022934422540e-03
1.296699957433612108e-03
1.295179192591789123e-03
1.288267142127495811e-03
1.285598819198615836e-03
1.279558702498547916e-03
1.270497875792792443e-03
1.268781987103198734e-03
1.266646958185569044e-03
1.257397688863739647e-03
1.256448627448385202e-03
1.254387513183069860e-03
1.251690306714195022e-03
1.248952388429529648e-03
1.246556967229148780e-03
1.235834770464464038e-03
1.234485986209633065e-03
1.231789253889048735e-03
1.226929555609170084e-03
1.220779388011486184e-03
1.216365093910487961e-03
1.211417062411295105e-03
1.203558508514651799e-03
1.197363560494681817e-03
1.194621324309996487e-03
1.193740180629656623e-03
